SEPARER PAIR ET IMPAIR 
Pile A: 71 17 75 53 63 13 45 55 5 47 9 23 51 1 91 65 61 69 29 67 87 73 83 31 33 3 41 59 99 93 35 95 39 89 11 25 15 27 85 77 79 57 49 19 37 97 81 21 43 7 
Pile B: 6 24 38 8 82 34 100 48 12 94 40 66 64 68 84 36 98 4 56 80 72 58 60 30 86 10 44 52 28 96 50 78 88 32 2 90 42 18 74 76 70 22 54 20 62 26 92 46 14 16 

        
PAIR DANS LA PILE A : 14 46 26 62 54 22 70 74 18 42 90 2 78 50 10 86 30 58 98 66 94 34 82 38 6
IMPAIR DANS LA PILE A : 71 75 63 55 47 23 51 91 67 87 83 31 3 59 99 35 95 39 11 15 27 79 19 43 7        
Pile A: 14 46 26 62 54 22 70 74 18 42 90 2 78 50 10 86 30 58 98 66 94 34 82 38 6 71 75 63 55 47 23 51 91 67 87 83 31 3 59 99 35 95 39 11 15 27 79 19 43 7 

PAIR DANS LA PILE B : 24 8 100 48 12 40 64 68 84 36 4 56 80 72 60 44 52 28 96 88 32 76 20 92 16 
IMPAIR DANS LA PILE B : 21 81 97 37 49 57 77 85 25 89 93 41 33 73 29 69 61 65 1 9 5 45 13 53 17
Pile B: 21 81 97 37 49 57 77 85 25 89 93 41 33 73 29 69 61 65 1 9 5 45 13 53 17 24 8 100 48 12 40 64 68 84 36 4 56 80 72 60 44 52 28 96 88 32 76 20 92 16 

PAIR DANS LA PILE A : 92 20 76 28 52 44 60 4 36 84 68 12 100
IMPAIR DANS LA PILE A : 53 13 45 5 61 69 29 93 85 77 37 21
PAIR DANS LA PILE A : 14 46 62 54 22 70 78 86 30 94 38 6
IMPAIR DANS LA PILE A : 71 63 55 47 23 87 31 95 39 15 79 7 
Pile A: 92 20 76 28 52 44 60 4 36 84 68 12 100 53 13 45 5 61 69 29 93 85 77 37 21 14 46 62 54 22 70 78 86 30 94 38 6 71 63 55 47 23 87 31 95 39 15 79 7 

PAIR DANS LA PILE B :
IMPAIR DANS LA PILE B :
PAIR DANS LA PILE B :
IMPAIR DANS LA PILE B :
Pile B: 43 19 27 11 35 99 59 3 83 67 91 51 75 82 34 66 98 58 10 50 2 90 42 18 74 26 81 97 49 57 25 89 41 33 73 65 1 9 17 24 8 48 40 64 56 80 72 96 88 32 16 



Pile A: 88 72 56 40 8 24 9 73 41 89 25 57 26 74 42 90 10 58 75 91 59 11 27 43 92 76 28 44 60 12 13 45 61 29 93 77 14 46 62 78 30 94 63 47 31 95 15 79 
Pile B: 7 39 87 23 55 71 6 38 86 70 22 54 21 37 85 69 5 53 100 68 84 36 4 52 20 19 35 99 3 83 67 51 82 34 66 98 50 2 18 81 97 49 33 65 1 17 48 64 80 96 32 16 
Pile A: 16 32 96 80 64 48 17 1 65 33 49 97 81 18 2 50 98 66 34 82 51 67 83 3 99 35 19 20 52 4 36 84 68 100 53 5 69 85 37 21 54 22 70 86 38 6 71 55 23 87 39 7 88 72 56 40 8 24 9 73 41 89 25 57 26 74 42 90 10 58 75 91 59 11 27 43 92 76 28 44 60 12 13 45 61 29 93 77 14 46 62 78 30 94 63 47 31 95 15 79 
Pile B: 


Pile A: 16 80 48 17 49 81 18 50 82 51 83 19 20 52 84 53 85 21 54 22 86 55 23 87 88 56 24 89 25 57 26 90 58 91 59 27 92 28 60 61 29 93 62 30 94 63 31 95 
Pile B: 79 15 47 78 46 14 77 45 13 12 44 76 43 11 75 10 42 74 41 73 9 8 40 72 7 39 71 6 38 70 37 69 5 100 68 36 4 35 99 3 67 34 66 98 2 97 33 65 1 64 96 32 
Pile A: 32 96 64 1 65 33 97 2 98 66 34 67 3 99 35 4 36 68 100 5 69 37 70 38 6 71 39 7 72 40 8 9 73 41 74 42 10 75 11 43 76 44 12 13 45 77 14 46 78 47 15 79 16 80 48 17 49 81 18 50 82 51 83 19 20 52 84 53 85 21 54 22 86 55 23 87 88 56 24 89 25 57 26 90 58 91 59 27 92 28 60 61 29 93 62 30 94 63 31 95 
Pile B: 


Pile A: 32 96 33 97 98 34 99 35 36 100 37 38 39 40 41 42 43 44 45 46 47 48 49 50 51 52 53 54 55 56 57 58 59 60 61 62 63 
Pile B: 95 31 94 30 93 29 28 92 27 91 90 26 25 89 24 88 87 23 86 22 21 85 84 20 19 83 82 18 81 17 80 16 79 15 78 14 77 13 12 76 11 75 10 74 73 9 8 72 7 71 6 70 69 5 68 4 3 67 66 2 65 1 64 
Pile A: 64 1 65 2 66 67 3 4 68 5 69 70 6 71 7 72 8 9 73 74 10 75 11 76 12 13 77 14 78 15 79 16 80 17 81 18 82 83 19 20 84 85 21 22 86 23 87 88 24 89 25 26 90 91 27 92 28 29 93 30 94 31 95 32 96 33 97 98 34 99 35 36 100 37 38 39 40 41 42 43 44 45 46 47 48 49 50 51 52 53 54 55 56 57 58 59 60 61 62 63 
Pile B: 


Pile A: 64 65 66 67 68 69 70 71 72 73 74 75 76 77 78 79 80 81 82 83 84 85 86 87 88 89 90 91 92 93 94 95 96 97 98 99 100 
Pile B: 63 62 61 60 59 58 57 56 55 54 53 52 51 50 49 48 47 46 45 44 43 42 41 40 39 38 37 36 35 34 33 32 31 30 29 28 27 26 25 24 23 22 21 20 19 18 17 16 15 14 13 12 11 10 9 8 7 6 5 4 3 2 1 
Pile A: 1 2 3 4 5 6 7 8 9 10 11 12 13 14 15 16 17 18 19 20 21 22 23 24 25 26 27 28 29 30 31 32 33 34 35 36 37 38 39 40 41 42 43 44 45 46 47 48 49 50 51 52 53 54 55 56 57 58 59 60 61 62 63 64 65 66 67 68 69 70 71 72 73 74 75 76 77 78 79 80 81 82 83 84 85 86 87 88 89 90 91 92 93 94 95 96 97 98 99 100 
Pile B: 

Pile A: 1 2 3 4 5 6 7 8 9 10 11 12 13 14 15 16 17 18 19 20 21 22 23 24 25 26 27 28 29 30 31 32 33 34 35 36 37 38 39 40 41 42 43 44 45 46 47 48 49 50 51 52 53 54 55 56 57 58 59 60 61 62 63 64 65 66 67 68 69 70 71 72 73 74 75 76 77 78 79 80 81 82 83 84 85 86 87 88 89 90 91 92 93 94 95 96 97 98 99 100 
Pile B: 
